1,'Indiana','Jones'
2,'Marion','Ravenwood'
3,'Marcus','Brody'
4,'Rene','Belloq'
